*COORDINATES
8
1 0.0 0.0
2 0.2 0.0
3 0.2 0.2
4 0.4 0.0
5 0.4 0.2
6 0.6 0.0
7 0.6 0.2
8 0.8 0.0

*ELEMENT_GROUPS
13
1 1 BAR
2 1 BAR
3 1 BAR
4 1 BAR
5 1 BAR
6 1 BAR
7 1 BAR
8 1 BAR
9 1 BAR
10 1 BAR
11 1 BAR
12 1 BAR
13 1 BAR

*INCIDENCES
13
1 1 3
2 1 2
3 2 3
4 3 5
5 2 4
6 4 5
7 2 5
8 5 7
9 4 6
10 6 7
11 5 6
12 7 8
13 6 8

*MATERIALS
13
21E8 10 10
21E8 10 10
21E5 10 10
21E8 10 10
21E8 10 10
21E8 10 10
21E8 10 10
21E8 10 10
21E8 10 10
21E8 10 10
21E8 10 10
21E8 10 10
21E8 10 10

*GEOMETRIC_PROPERTIES
13
1 0.02
2 0.02
3 0.02
4 0.02
5 0.02
6 0.02
7 0.02
8 0.02
9 0.02
10 0.02
11 0.02
12 0.02
13 0.02

*BCNODES
6
1 1
1 2
2 2
6 2
8 1
8 2

*LOADS
3
3 2 16
5 2 24
7 2 16
