*DISPLACEMENTS 
8
1 0.0 0.0
2 7.710648173353613e-09 0.0
3 -1.5595914795608214e-07 3.704106779228393e-07
4 -2.086078051546876e-08 1.9019583620188576e-07
5 -8.075086726289655e-08 1.9019583606470408e-07
6 -4.9565438720602707e-08 0.0
7 -4.822296333084329e-08 4.369320369789126e-08
8 0.0 0.0

*REACTION_FORCES 
6
1 FX = -17.54144987404046
1 FY = -15.922213757636202
2 FY = -7.631174179419957
6 FY = -25.61229308139643
8 FX = 17.233169305203965
8 FY = -6.824427223442836

*ELEMENT_STAINS 
13
1 5.361288249168926e-07
2 3.8553240866768065e-08
3 1.8520533896141965e-06
4 3.7604140346592787e-07
5 -1.4285714344411185e-07
6 -6.85908434203456e-16
7 2.543358015711347e-07
8 1.6263951966026635e-07
9 -1.4352329102566973e-07
10 2.184660184894563e-07
11 5.534531615174949e-07
12 2.2979041757183634e-07
13 2.4782719360301345e-07

*ELEMENT_STRESSES 
13
1 1125.8705323254744
2 80.96180582021293
3 3.889312118189813
4 789.6869472784485
5 -300.0000012326349
6 -1.4404077118272576e-06
7 534.1051832993828
8 341.5429912865593
9 -301.39891115390645
10 458.77863882785823
11 1162.2516391867393
12 482.5598769008563
13 520.4371065663282
